0.49851312626114586,0.47363172284453608,0.23270705824531021,0.23326676505505628,0.24894634314080119,0.25926810687417889,0.35445519657939611,0.36110403904291927,0.3359401979828992
0.87514312686138529,0.70481040586712285,0.80118548333353656,0.67093041157833289,0.65100665139921199,0.79818146708258197,0.64670633701160152,0.46433845334426072,0.50514920264920327
0.54086688072029099,0.53128201412759346,0.40591594675720966,0.50981490869538804,0.48095314894541752,0.62272216873886721,0.47943310157913832,0.53413683263309331,0.52111689365379021
0.3273782762751426,0.29446294812772555,0.36920826485894526,0.27592575167974132,0.27441305555502893,0.32899137857157373,0.21232429198101405,0.26590894038384494,0.24330773431724814
0.18309483755931488,0.35021893785350405,0.28741170177779329,0.25484020026227683,0.19245081222357235,0.20075504326742491,0.13578956697810149,0.21816524273951868,0.34224826342717596
0.53059908584689597,0.84988669923109217,0.73808440420619481,0.81890413434313825,0.77836999228917658,0.86908399472675757,0.68301569425549225,0.68323450319989387,0.53510157756656973
0.26508651731508104,0.34380425365101464,0.41238596315657605,0.3379001055414565,0.43445203444738867,0.34968131937764263,0.34568127924853415,0.41626879626278152,0.53258702333961272
0.41266252150241967,0.4145534129161999,0.6096663581605275,0.43525015310738141,0.42308345632762062,0.47251752315365875,0.38809495650098064,0.53272170390085938,0.36301897004593991
0.23213005165542383,0.4007910259344048,0.4162261195973766,0.39308209776299857,0.33191320655374723,0.51554608517433287,0.43160496516303892,0.3131019941381627,0.43638241806489869
0.40607180261431425,0.21334578810756447,0.22435025145769183,0.23364157156403226,0.2916622927287873,0.2909904654341518,0.26980580149371181,0.28029071828105684,0.23050925282170176
0.29055720003338925,0.2353615045269335,0.67782038050353388,0.22052153045867187,0.21215381169733061,0.080628266043981711,0.64253231908114861,0.14533163242043767,0.26161029007184461
0.47666560968838489,0.44566170853143555,0.40868218549553503,0.43750560946207601,0.37505701152280169,0.50228283792456296,0.41581252760545562,0.40209821314017019,0.3614476654156803
0.29264695335436663,0.29386517514645527,0.32715114305765675,0.24617484812473603,0.26986382937586839,0.39735528034901435,0.26417881822811484,0.3363503317552049,0.35454295024245308
0.56862523102804285,0.43848119477750586,0.36233531246650852,0.48060099655825866,0.46020590244662141,0.388484274061068,0.43657530641917108,0.48602314697569227,0.43773145740218239
0.2787610263001003,0.35374625940241206,0.51403817004161856,0.2428810264332148,0.43360665366781237,0.33476437308001716,0.28280011915500181,0.33597025637097078,0.3332147681219173
0.27057824462966795,0.29746348451401416,0.28636391101759251,0.31718782708944299,0.41729502430117371,0.39756251848378749,0.37469906327153257,0.56058413179943933,0.46373814610121417
0.5800796192517006,0.3675843155164058,0.37197998393519999,0.39456219644978663,0.34967359006763482,0.39875456466907594,0.35085927579495985,0.34146756919771754,0.34717353144232993
0.39606610596429132,0.36114917198565027,0.28948939201849211,0.30468214403024285,0.27330164113993444,0.34270735234591365,0.20913475091920564,0.2322116773557944,0.20557227426497671
0.52016674044461031,0.30974260788948105,0.42079479281876442,0.51179041149787452,0.47064998229692445,0.56229567606519903,0.49969911713467369,0.53131383041139213,0.51503850640852478
0.65859430456738588,0.54179897208428485,0.7225927650321089,0.39179717305318212,0.37074077216602802,0.19677665281251289,0.10446153057439247,0.71351244201454067,0.62961483335133639
0.52945344333593691,0.59847953700212886,0.35415729528670203,0.35560429246670422,0.38390104760957589,0.38444531168591917,0.42503562489660196,0.25926545632968717,0.41974441918968391
0.68633519449794989,0.48046616466908282,0.51611279905667795,0.54679688631044154,0.51758723713757848,0.43502653464862656,0.52177398722736645,0.54867955655926381,0.39359272002470996
0.89214756733895983,0.78185605522474311,0.61936100146433792,0.75379828410216687,0.72670692411352422,0.76215094309894382,0.807249439561604,0.68202565725707864,0.52894503927333381
0.26836544822175445,0.17953679339632767,0.15472932306071421,0.19132267370225811,0.22503382628759841,0.36930844249827693,0.24305890136928654,0.2197948522144185,0.36754167842797758
0.58968271822826268,0.6376453917679864,0.53624554444280192,0.52780546270917805,0.47604361266180939,0.51152403425673554,0.69462658683599543,0.69766218131511426,0.63202909238429672
0.42306325489086488,0.26920858941572906,0.48896854365077835,0.46523565412605994,0.51714137346640676,0.50090500484397604,0.42252633977815751,0.42305695742474836,0.48051596532984431
0.33309075180281378,0.33631634418538514,0.29926403928312845,0.22846646166117798,0.27123903022251111,0.27889546929134179,0.32469084436806117,0.36960686465228854,0.34000621080588533
0.48270813179217709,0.31511285352326629,0.26457049607727595,0.39396367742970939,0.65509792855812798,0.28634987836001635,0.60970951937904638,0.2637839559350818,0.19188675993284565
0.36835167965412879,0.31612927186307621,0.32837394186081026,0.34036261144671592,0.53568032126859788,0.31089982916182496,0.2506519205554123,0.21343147340141802,0.25417103369619837
0.24496676952252147,0.23073685257225288,0.28388692918506903,0.25784743968752771,0.34968246303853123,0.34831281998627012,0.22915608294678094,0.2862294863770708,0.25339414176946357
0.76137355448043453,0.68412506628508618,0.78060370823054182,0.73317353888672798,0.52828233564561111,0.31401004268614841,0.69147876743329251,0.39818079319695698,0.57805288892067452
0.37472843451919913,0.35301576406458668,0.33614071636717818,0.21112925476666061,0.69894760569698844,0.24770679513402727,0.47531749507482413,0.398109935966038,0.37289881366198946
0.2518913557637647,0.32783941032800579,0.40441535322367106,0.42844546895038105,0.16566182000709004,0.29703515010013087,0.19913193794060882,0.22155798739713886,0.31826365713750859
0.42373943039952822,0.35342988504911105,0.35481824581843974,0.48850304886754459,0.46379016625740493,0.47657855164097507,0.48789175330224765,0.53981744220541927,0.43036953906182079
0.27551587133140537,0.1982497260868058,0.43524064761956133,0.32908163276237068,0.39167131674435868,0.35766780176885316,0.3120584706045833,0.30869506265086161,0.28645534135972572
0.30001712882851583,0.47893039665602527,0.33969547058551836,0.30266365027307923,0.17308823379568339,0.37505802397651894,0.39225349736157844,0.41444221200856435,0.38803871797525302
0.2524154629184629,0.26114461583610471,0.27628953498031794,0.39204303678484353,0.65517187305588154,0.31355333524621332,0.27572607656548026,0.24438734344432406,0.27940316013139477
0.44740130635773501,0.42501360806853805,0.41917225699588617,0.46702405079776993,0.48785206757323413,0.43780654583675477,0.43622084989330678,0.44210924666544554,0.43281567873901233
0.32147567123079057,0.50296399303279038,0.27578985448425047,0.3467795058454321,0.31516077949903992,0.32543664290342222,0.2451019604245894,0.24831657991150047,0.33953814053898579
0.3067747032371777,0.5405139960574703,0.46949996283259621,0.45296739714235451,0.4841062744598425,0.39661661711820506,0.43888261192069,0.25870592839363776,0.40659372245977543
0.29657782204421962,0.17207197345165681,0.58066494815431546,0.28275450446842848,0.27748523854697532,0.30034369636466857,0.21530156918517349,0.30920795014941305,0.1407940861850844
0.49317825681654726,0.54343077276886687,0.48411546539425954,0.50469101419586537,0.41976017331598098,0.56715328211148586,0.4509493477348388,0.50172825466931459,0.56418976355331918
0.6358035598151629,0.28623121579348193,0.15186171173785276,0.3830129572347778,0.4215452305234873,0.62008729801732843,0.31823866802151612,0.22919916880174435,0.36188261999995802
0.21969034436114632,0.39131478915000356,0.2104303877872287,0.4221004358742324,0.15355437210799019,0.37840104389045187,0.19154018068336795,0.5986386245755182,0.41414919714015641
0.40013714539766954,0.37157835370067188,0.47919241406821467,0.45020246144262804,0.59674915426198771,0.46888370508050187,0.47401965165317589,0.45409186770212751,0.52680645143790417
0.38430504286181211,0.35432231658183644,0.53990946984988564,0.50462749908517057,0.39893983133702121,0.43937391361832284,0.43584513692222365,0.43078133755118819,0.38701707216180214
0.56565988054367644,0.39030805543580283,0.37950252943912077,0.45781814182536873,0.37463014353132323,0.32723586819344275,0.50363724636356422,0.57188866696081508,0.42517428678953534
0.51670008822973701,0.45624638657215116,0.28178001039424022,0.38912863606614012,0.3569154171889749,0.3917851999596873,0.30978640712942074,0.34352872188144895,0.37844291601512225
0.53883949875562898,0.32945792219860348,0.19052307471417551,0.30290644049397919,0.31691398744595439,0.34978154752212071,0.2813720168667187,0.67338186776717124,0.23985385211913002
0.2117193378792519,0.49765493456647614,0.35904783896658871,0.38283984163682677,0.4254309335013608,0.41646927832566349,0.46548567760478399,0.42523542371885181,0.31853911941456831
